L->R

0.04  0.04  0.04  0.04  0.04  0.02
0.04  0.04  0.04  0.03  0.08  0.11
0.04  0.04  0.04  0.04  0.51  1.15
0.04  0.04  0.04  0.04  0.85  1.95
0.04  0.04  0.04  0.04  0.94  2.18
0.04  0.04  0.04  0.04  0.99  2.30
0.04  0.04  0.04  0.04  0.98  2.28
0.04  0.04  0.04  0.06  0.91  2.13
0.04  0.04  0.04  0.54  0.56  1.88
0.04  0.04  0.04  0.79  0.27  1.49
0.04  0.04  0.04  0.97  0.04  1.16
0.04  0.04  0.04  0.99  0.04  1.17
0.04  0.04  0.05  0.98  0.04  1.16
0.04  0.05  0.33  0.83  0.04  1.11
0.04  0.05  0.71  0.37  0.04  0.74
0.04  0.05  0.85  0.10  0.04  0.49
0.04  0.05  0.96  0.04  0.04  0.47
0.04  0.06  0.97  0.04  0.04  0.47
0.04  0.23  0.97  0.04  0.04  0.25
0.04  0.41  0.90  0.04  0.04  0.01
0.04  0.69  0.64  0.04  0.04  -0.46
0.04  0.92  0.23  0.04  0.04  -0.94
0.04  0.97  0.05  0.04  0.04  -1.09
0.04  0.98  0.04  0.04  0.04  -1.10
0.04  0.95  0.04  0.04  0.04  -1.09
0.20  0.86  0.04  0.04  0.04  -1.35
0.53  0.70  0.04  0.04  0.04  -1.96
0.63  0.63  0.04  0.04  0.04  -2.12
0.89  0.39  0.04  0.04  0.04  -2.44
0.98  0.12  0.04  0.04  0.03  -2.35
0.98  0.05  0.04  0.04  0.03  -2.27
0.93  0.04  0.04  0.03  0.03  -2.14
0.77  0.04  0.04  0.03  0.03  -1.77
0.25  0.04  0.04  0.03  0.03  -0.50
0.04  0.04  0.04  0.03  0.03  -0.01







